MAE: 13.39781324517268
SAE: 0.0
F1: 0.9420289854431841
Start Date: 2014-01-02End Date: 2014-02-03