MAE: 49.61796303210657
SAE: nan
F1: 2.2222222123456786e-09
