MAE: 21.4113939673899
SAE: 19.49036022603512
F1: 0.8498727735012851
Start Date: 2014-02-01End Date: 2014-03-01