MAE: 20.117956986559573
SAE: 8.22411853608631
F1: 0.765217391273598
Start Date: 2015-01-02End Date: 2015-02-03