MAE: 20.030460459984663
SAE: 7.914828927176339
F1: 0.8060606060235076
Start Date: 2015-01-02End Date: 2015-02-03