MAE: 37.33417926555569
SAE: 24.949090615113576
F1: 2.472187886157123e-11
Start Date: 2014-02-01End Date: 2014-02-08