MAE: 16.477300136325372
SAE: 0.0
F1: 0.8595828083418194
Start Date: 2014-01-02End Date: 2014-02-03