MAE: 9.00453995491888
SAE: 0.0
F1: 0.7789473683036011
Start Date: 2014-01-02End Date: 2014-02-03