MAE: 5.198219030260027
SAE: 0.0
F1: 6.666666657777777e-10
Start Date: 2014-01-02End Date: 2014-02-03