MAE: 32.154837719556824
SAE: 0.0
F1: 0.897237569043216
Start Date: 2014-01-02End Date: 2014-02-03